0.633 0.526 0.856 0.556 0.078 0.45139
0.776 0.01 0.825 0.229 0.533 0.0110
0.776 0.348 0.732 0.99 0.495 0.2345
0.714 0.452 0.012 0.349 0.484 0.3538
0.796 0.429 0.041 0.489 0.634 0.5131
0.99 0.465 0.011 0.243 0.698 0.3935
0.98 0.852 0.443 0.202 0.667 0.8179
0.898 0.702 0.247 0.211 0.741 0.4391
0.99 0.684 0.011 0.494 0.691 0.2889
0.857 0.492 0.013 0.438 0.533 0.3647
0.531 0.65 0.014 0.664 0.84 0.3704
0.571 0.352 0.969 0.282 0.627 0.3865
0.204 0.171 0.907 0.1 0.651 0.0001
0.388 0.419 0.381 0.698 1 0.3940
0.408 0.275 0.001 0.454 0.163 0.2488
0.327 0.516 0.012 0.324 0.673 0.3974
0.102 0.572 0.093 0.277 0.556 0.5361
0.041 0.594 0.68 0.101 0.713 0.7544
0.061 0.549 0.144 0.144 0.502 0.3210
0.001 0.452 0.012 0.26 0.572 0.3728
0.102 0.486 0.247 0.158 0.935 0.3746
0.204 0.551 0.99 0.609 0.346 0.8456
0.102 0.489 0.969 0.329 0.243 0.3867
0.347 0.091 0.773 0.147 0.305 0.0001
0.122 0.606 0.278 0.75 0.47 0.2573
0.122 0.322 0.082 0.574 0.353 0.3276
0.122 0.581 0.013 0 0.543 0.4726
0.224 0.537 0.186 0.223 0.448 0.6460
0.204 0.99 0.495 0.086 0.528 0.6804
0.245 0.882 0.01 0.287 0.565 0.1623
0.245 0.657 0.021 0.412 0.598 0.5079
0.204 0.887 0.216 0.601 0.615 0.5633
0.122 0.868 0.876 0.561 0.44 0.99
0.102 0.745 0.876 0.556 0.001 0.5073
0.02 0.112 0.68 0.225 0.69 0.0938
0.041 0.464 0.278 0.762 0.578 0.4427